#( 1 0 )
include( 1 2 )
<( 1 10 )
stdio( 1 11 )
.( 1 15 )
h( 1 17 )
>( 1 18 )
#( 2 0 )
include( 2 2 )
<( 2 10 )
iostream( 2 11 )
.( 2 18 )
h( 2 20 )
>( 2 21 )
#( 3 0 )
include( 3 2 )
<( 3 10 )
stdlib( 3 11 )
.( 3 16 )
h( 3 18 )
>( 3 19 )
#( 4 0 )
include( 4 2 )
<( 4 10 )
string( 4 11 )
.( 4 16 )
h( 4 18 )
>( 4 19 )
#( 5 0 )
include( 5 2 )
<( 5 10 )
ctype( 5 11 )
.( 5 15 )
h( 5 17 )
>( 5 18 )
#( 6 0 )
include( 6 2 )
"Lexical_Analysis.h"( 6 9 )
#( 7 0 )
include( 7 2 )
"Systax_Analysis.h"( 7 9 )
void( 10 1 )
Output( 10 6 )
(( 10 11 )
)( 10 12 )
;( 10 13 )
int( 19 1 )
main( 19 5 )
(( 19 8 )
int( 19 10 )
argc( 19 14 )
,( 19 17 )
char( 19 19 )
*( 19 22 )
argv( 19 25 )
[( 19 28 )
]( 19 29 )
)( 19 30 )
{( 19 31 )
Lexical_Analysis( 21 3 )
(( 21 18 )
)( 21 19 )
;( 21 20 )
Systax_Analysis( 23 3 )
(( 23 17 )
)( 23 18 )
;( 23 19 )
Output( 25 3 )
(( 25 8 )
)( 25 9 )
;( 25 10 )
char( 29 3 )
done( 29 8 )
;( 29 11 )
fflush( 30 3 )
(( 30 8 )
stdin( 30 10 )
)( 30 14 )
;( 30 15 )
printf( 31 3 )
(( 31 8 )
"\nPress any character>"( 31 9 )
)( 31 33 )
;( 31 34 )
scanf( 32 3 )
(( 32 7 )
&( 32 8 )
done( 32 10 )
)( 32 13 )
;( 32 14 )
return( 33 3 )
0( 33 10 )
;( 33 10 )
}( 35 0 )
void( 38 1 )
Output( 38 6 )
(( 38 11 )
)( 38 12 )
{( 39 0 )
Str100( 40 3 )
fileName( 40 10 )
;( 40 17 )
printf( 42 3 )
(( 42 8 )
"\nOutput File Name : "( 42 9 )
)( 42 32 )
;( 42 33 )
scanf( 43 3 )
(( 43 7 )
"%s"( 43 8 )
,( 43 12 )
fileName( 43 14 )
)( 43 21 )
;( 43 22 )
FILE( 45 3 )
*( 45 7 )
fptr( 45 9 )
=( 45 14 )
fopen( 45 16 )
(( 45 20 )
fileName( 45 22 )
,( 45 29 )
"w"( 45 30 )
)( 45 33 )
;( 45 34 )
fprintf( 47 3 )
(( 47 9 )
fptr( 47 11 )
,( 47 14 )
"Table6 :\n"( 47 15 )
)( 47 27 )
;( 47 28 )
for( 49 3 )
(( 49 5 )
int( 49 7 )
x( 49 11 )
=( 49 13 )
1( 49 15 )
;( 49 15 )
x( 49 17 )
<( 49 19 )
amountOfTable6( 49 21 )
;( 49 34 )
x( 49 36 )
++( 49 36 )
)( 49 38 )
fprintf( 50 5 )
(( 50 11 )
fptr( 50 13 )
,( 50 16 )
"\n %s"( 50 17 )
,( 50 24 )
table6( 50 26 )
[( 50 31 )
x( 50 33 )
]( 50 33 )
)( 50 34 )
;( 50 35 )
fclose( 52 3 )
(( 52 8 )
fptr( 52 10 )
)( 52 13 )
;( 52 14 )
printf( 56 3 )
(( 56 8 )
"\nTable 6 : \n"( 56 9 )
)( 56 25 )
;( 56 26 )
for( 57 3 )
(( 57 5 )
int( 57 7 )
a( 57 11 )
=( 57 13 )
1( 57 15 )
;( 57 15 )
a( 57 17 )
<( 57 19 )
amountOfTable6( 57 21 )
;( 57 34 )
a( 57 36 )
++( 57 36 )
)( 57 38 )
printf( 58 5 )
(( 58 10 )
"\n %s"( 58 11 )
,( 58 18 )
table6( 58 20 )
[( 58 25 )
a( 58 27 )
]( 58 27 )
)( 58 28 )
;( 58 29 )
printf( 59 3 )
(( 59 8 )
"\n\n==================================================\n"( 59 9 )
)( 59 67 )
;( 59 68 )
printf( 61 3 )
(( 61 8 )
"\nTable 3 : \n"( 61 9 )
)( 61 25 )
;( 61 26 )
for( 62 3 )
(( 62 5 )
int( 62 7 )
b( 62 11 )
=( 62 13 )
0( 62 15 )
;( 62 15 )
b( 62 17 )
<( 62 19 )
100( 62 21 )
;( 62 23 )
b( 62 25 )
++( 62 25 )
)( 62 27 )
if( 63 5 )
(( 63 6 )
strcmp( 63 8 )
(( 63 13 )
table3( 63 15 )
[( 63 20 )
b( 63 22 )
]( 63 22 )
,( 63 23 )
"\0"( 63 24 )
)( 63 28 )
!=( 63 30 )
0( 63 34 )
)( 63 34 )
printf( 64 7 )
(( 64 12 )
"\n%2d : %s"( 64 13 )
,( 64 25 )
b( 64 27 )
,( 64 27 )
table3( 64 29 )
[( 64 34 )
b( 64 36 )
]( 64 36 )
)( 64 37 )
;( 64 38 )
printf( 65 3 )
(( 65 8 )
"\n\n==================================================\n"( 65 9 )
)( 65 67 )
;( 65 68 )
printf( 67 3 )
(( 67 8 )
"\nTable 4 : \n"( 67 9 )
)( 67 25 )
;( 67 26 )
for( 68 3 )
(( 68 5 )
int( 68 7 )
c( 68 11 )
=( 68 13 )
0( 68 15 )
;( 68 15 )
c( 68 17 )
<( 68 19 )
100( 68 21 )
;( 68 23 )
c( 68 25 )
++( 68 25 )
)( 68 27 )
if( 69 5 )
(( 69 6 )
strcmp( 69 8 )
(( 69 13 )
table4( 69 15 )
[( 69 20 )
c( 69 22 )
]( 69 22 )
,( 69 23 )
"\0"( 69 24 )
)( 69 28 )
!=( 69 30 )
0( 69 34 )
)( 69 34 )
printf( 70 7 )
(( 70 12 )
"\n%2d : %s"( 70 13 )
,( 70 25 )
c( 70 27 )
,( 70 27 )
table4( 70 29 )
[( 70 34 )
c( 70 36 )
]( 70 36 )
)( 70 37 )
;( 70 38 )
printf( 71 3 )
(( 71 8 )
"\n\n==================================================\n"( 71 9 )
)( 71 67 )
;( 71 68 )
printf( 73 3 )
(( 73 8 )
"\nTable 5 : \n"( 73 9 )
)( 73 25 )
;( 73 26 )
printf( 74 3 )
(( 74 8 )
"\n     name    subroutine type   pointer\n"( 74 9 )
)( 74 53 )
;( 74 54 )
for( 75 3 )
(( 75 5 )
int( 75 7 )
i( 75 11 )
=( 75 13 )
0( 75 15 )
;( 75 15 )
i( 75 17 )
<( 75 19 )
100( 75 21 )
;( 75 23 )
i( 75 25 )
++( 75 25 )
)( 75 27 )
if( 76 5 )
(( 76 6 )
strcmp( 76 8 )
(( 76 13 )
table5( 76 15 )
[( 76 20 )
i( 76 22 )
]( 76 22 )
.( 76 23 )
name( 76 25 )
,( 76 28 )
"\0"( 76 29 )
)( 76 33 )
!=( 76 35 )
0( 76 39 )
)( 76 39 )
printf( 77 7 )
(( 77 12 )
"\n%d : %s  \t  %d   \t %d    \t  %d"( 77 13 )
,( 77 50 )
i( 77 52 )
,( 77 52 )
table5( 77 54 )
[( 77 59 )
i( 77 61 )
]( 77 61 )
.( 77 62 )
name( 77 64 )
,( 77 67 )
table5( 77 69 )
[( 77 74 )
i( 77 76 )
]( 77 76 )
.( 77 77 )
subroutine( 77 79 )
,( 77 88 )
table5( 77 90 )
[( 77 95 )
i( 77 97 )
]( 77 97 )
.( 77 98 )
type( 77 100 )
,( 77 103 )
table5( 77 105 )
[( 77 110 )
i( 77 112 )
]( 77 112 )
.( 77 113 )
pointer( 77 115 )
)( 77 121 )
;( 77 122 )
printf( 78 3 )
(( 78 8 )
"\n\n==================================================\n"( 78 9 )
)( 78 67 )
;( 78 68 )
printf( 80 3 )
(( 80 8 )
"\nTable 7 : \n"( 80 9 )
)( 80 25 )
;( 80 26 )
for( 81 3 )
(( 81 5 )
int( 81 7 )
j( 81 11 )
=( 81 13 )
1( 81 15 )
;( 81 15 )
j( 81 17 )
<=( 81 18 )
amountOfTable7( 81 22 )
;( 81 35 )
j( 81 37 )
++( 81 37 )
)( 81 39 )
printf( 82 5 )
(( 82 10 )
"\n%2d : %d"( 82 11 )
,( 82 23 )
j( 82 25 )
,( 82 25 )
table7( 82 27 )
[( 82 32 )
j( 82 34 )
]( 82 34 )
)( 82 35 )
;( 82 36 )
printf( 84 3 )
(( 84 8 )
"\n======================= END ======================\n"( 84 9 )
)( 84 65 )
;( 84 66 )
}( 86 0 )
0.8987( 88 1 )
END_OF_FILE( 92 1 )
1( 94 1 )
2( 95 1 )
3( 96 1 )
printf( 97 1 )
3( 98 1 )
END( 99 1 )
4( 100 1 )
10( 101 1 )
5( 102 0 )
